U=10.000000, n=0.500000
for j
len[0]=1
len[1]=2
len[2]=31
len[3]=244
len[4]=1656
len[5]=9704
len[6]=61887
len[7]=374670
len[8]=2326174
len[9]=14134674
0: 0, 1, 1.000000
1: 1, 1, 10.000000
2: 2, 2, 200.000000
3: 3, 2, 1200.000000
4: 3, 3, 30000.000000
5: 3, 3, 181520.000000
6: 4, 4, 5214400.000000
7: 5, 4, 32208800.000000
8: 5, 5, 1049151200.000000
9: 5, 5, 24556600000.000000
for je
lene[0]=6
lene[1]=24
lene[2]=171
lene[3]=1408
lene[4]=9140
lene[5]=58572
lene[6]=372937
lene[7]=2226030
lene[8]=14038907
